
1L [1]
2L [2, 3, 4] 1, 1, 1
3L [3, 4, 5, 6] 1, 1, 2 1, 2 1 
4L [4, 5, 6, 7, 8] 1, 2 1, 2 1, 3 1, 3 1
5L [5, 6, 7, 8, 9, 10] 2 1, 2 1, 3 1, 3 1, 4 1, 4 1,
6L [6, 7, 8, 9, 10, 11] 2 1, 3 1, 3 1, 4 1, 4 1, 5 2 1
7L [7, 8, 9, 10, 11, 12, 13] 3 1, 3 1, 4 1, 4 1,5 2 1 ,5 2 1, 7 3 1, 7 3 1
8L [8, 9, 10, 11, 12, 13, 14]3 1, 4 1, 4 1, 5 2 1, 7 3 1, 6 3 1, 8 3 1, 8 3 1
9L [9, 10, 11, 12, 13, 14] 4 1, 4 1, 5 2 1, 7 3 1, 7 3 1, 8 3 1
10L [10, 11, 12, 13, 14] 4 1, 5 2 1, 7 3 1, 7 3 1, 8 3 1
11L [11, 12, 13, 14, 15, 16 17]5 2 1, 7 3 1, 7 3 1, 8 3 1, 10 4 1, 10 4 1, 10 4 1
12L [12, 13, 14, 15, 16, 17, 18, 19 20] 7 3 1, 8 3 1, 10 4 1, 10 4 1, 10 4 1, 11 5 2 1, 11 5 2 1, 11 5 2 1
13L [13, 14, 15, 16, 17, 18, 19, 20]7 3 1, 8 3 1, 10 4 1, 10 4 1, 10 4 1, 11 5 2 1, 11 5 2 1, 11 5 2 1
14L [14,15, 16, 17 18 , 19, 20]8 3 1, 10 4 1, 10 4 1, 10 4 1, 11 5 2 1, 11 5 2 1, 11 5 2 1
15L [15, 16, 17, 18, 19 20]10 4 1, 10 4 1, 10 4 1, 11 5 2 1, 11 5 2 1, 11 5 2 1